RSCameraWrtRobot pose:(5cm, at known place) 
[[  0.99   0.07   0.09 -17.65]
 [ -0.08  -0.2    0.98  66.14]
 [  0.09  -0.98  -0.19  25.88]
 [  0.     0.     0.     1.  ]]
[[ 9.94469395e-01  8.00882118e-02  6.79448348e-02 -1.87907316e+01]
 [-5.13571977e-02 -1.93490083e-01  9.79757126e-01  6.56196051e+01]
 [ 9.16136479e-02 -9.77827933e-01 -1.88306860e-01  2.59744550e+01]
 [ 0.00000000e+00  0.00000000e+00  0.00000000e+00  1.00000000e+00]]

camera to landmark pose: 5cm tag, known tag location
[[ 0.99 -0.06  0.09 14.71]
 [-0.07  0.2   0.98  8.08]
 [-0.07 -0.98  0.19 58.1 ]
 [ 0.    0.    0.    1.  ]]

 [[  0.06   0.65   0.76 -34.71]
 [ -0.98   0.17  -0.07  -7.55]
 [ -0.17  -0.74   0.65  88.81]
 [  0.     0.     0.     1.  ]]


[[ 0.99 -0.06  0.09 14.72]
 [-0.07  0.2   0.98  8.09]
 [-0.07 -0.98  0.19 58.17]
 [ 0.    0.    0.    1.  ]]
 
RSCameraWrtRobot pose(7.62, unknown place)
