640,360
640,360
9.934769538240099118e-01,-1.117037309839832571e-01,-2.293073711907413215e-02,9.359952705028042885e+00
-6.624203974878604961e-02,-4.016434087975304101e-01,-9.133972653448334533e-01,2.003730047167526607e+01
9.281990298684025809e-02,9.089581116056765220e-01,-4.064229532835909042e-01,4.175592772128880625e+01
0.000000000000000000e+00,0.000000000000000000e+00,0.000000000000000000e+00,1.000000000000000000e+00
9.957644405855593517e-01,-3.024643568449617362e-02,8.682356819269340664e-02,-1.355365219951356437e+01
7.140906444171638001e-02,-3.404043067598295225e-01,-9.375636796799028394e-01,1.780286609030068945e+01
5.791307607860632367e-02,9.397925627859289310e-01,-3.368026344186899612e-01,3.495778288291389657e+01
0.000000000000000000e+00,0.000000000000000000e+00,0.000000000000000000e+00,1.000000000000000000e+00
456.5119934082031,456.716552734375,325.3016662597656,180.4651336669922,640,360,0.0010000000474974513
