640,360
640,360
9.993673886581349031e-01,-2.340111630455036715e-02,-2.678078121191835095e-02,9.353505011152886794e+00
-3.409545984831283821e-02,-4.162384270117091556e-01,-9.086160198326628246e-01,1.922559817121444681e+01
1.011543891048809034e-02,9.089543220836341364e-01,-4.167729816832292378e-01,4.204778768618442797e+01
0.000000000000000000e+00,0.000000000000000000e+00,0.000000000000000000e+00,1.000000000000000000e+00
9.979649179708753870e-01,3.480360462350300110e-02,-5.342968841940889946e-02,-1.027069366692512986e+01
-3.740952620305594556e-02,-3.589995140978553545e-01,-9.325877311152910298e-01,1.889901416216137164e+01
-5.163864685143391975e-02,9.326886179120629228e-01,-3.569669342791267908e-01,3.595740937762762712e+01
0.000000000000000000e+00,0.000000000000000000e+00,0.000000000000000000e+00,1.000000000000000000e+00
456.5119934082031,456.716552734375,325.3016662597656,180.4651336669922,640,360,0.0010000000474974513
