640,360
640,360
4.557033253291674357e-02,3.194233378427810410e-01,9.465157558298837870e-01,-1.821451570133799436e+01
9.928190828351894925e-01,-1.193896381806407725e-01,-7.508864986712686894e-03,3.507632842722579802e+00
1.106056669033389644e-01,9.400610860664707635e-01,-3.225702108261009893e-01,4.115124696158144246e+01
0.000000000000000000e+00,0.000000000000000000e+00,0.000000000000000000e+00,1.000000000000000000e+00
9.786719193436713704e-01,2.053595209952409628e-01,5.361102944425953643e-03,-5.728027950428439041e+00
1.222578928634646261e-01,-5.612694123396237966e-01,-8.185533912974279902e-01,7.020974301179924382e+00
-1.650887092467595296e-01,8.017506556957343378e-01,-5.744054353596416140e-01,3.871067322274268463e+01
0.000000000000000000e+00,0.000000000000000000e+00,0.000000000000000000e+00,1.000000000000000000e+00
456.5119934082031,456.716552734375,325.3016662597656,180.4651336669922,640,360,0.0010000000474974513
