640,360
640,360
9.914062605795082028e-01,9.199842338027326705e-02,9.300492771515334045e-02,8.259431898667289218e+00
1.224087543057878757e-01,-4.015839225051338057e-01,-9.076047873687626000e-01,2.196589501920621856e+01
-4.614892580615643364e-02,9.111896856752362828e-01,-4.093942273237405893e-01,4.132740020894674160e+01
0.000000000000000000e+00,0.000000000000000000e+00,0.000000000000000000e+00,1.000000000000000000e+00
9.967334323075338620e-01,2.278401857454934523e-02,-7.748131012080750057e-02,-9.088861099232094176e+00
-6.407090796745033845e-02,-3.609818233140337229e-01,-9.303693040879531528e-01,1.950468167837568956e+01
-4.916689610569966590e-02,9.322944876671054315e-01,-3.583428589952099563e-01,3.591907507668180699e+01
0.000000000000000000e+00,0.000000000000000000e+00,0.000000000000000000e+00,1.000000000000000000e+00
456.5119934082031,456.716552734375,325.3016662597656,180.4651336669922,640,360,0.0010000000474974513
