640,360
640,360
9.486169640523990643e-02,4.435398345681741405e-01,8.912203283736048753e-01,-1.169094957873107532e+01
9.927531183052922259e-01,2.419599851575559776e-02,-1.177106611609339687e-01,1.312591665302306865e+01
-7.377333292077004057e-02,8.959279930926712376e-01,-4.380302803947455637e-01,4.146654612831201803e+01
0.000000000000000000e+00,0.000000000000000000e+00,0.000000000000000000e+00,1.000000000000000000e+00
9.998590991101881098e-01,1.263351861932816497e-02,1.105333134663901741e-02,-1.067033355736918487e+01
1.480312386933994862e-02,-3.531117846653141767e-01,-9.354640212505159758e-01,1.751771433567274272e+01
-7.915140571871197295e-03,9.354958373706276920e-01,-3.532490464416791487e-01,3.560865752915837135e+01
0.000000000000000000e+00,0.000000000000000000e+00,0.000000000000000000e+00,1.000000000000000000e+00
456.5119934082031,456.716552734375,325.3016662597656,180.4651336669922,640,360,0.0010000000474974513
