640,360
640,360
9.996437478837157942e-01,5.323223600378465883e-03,2.615416998298555895e-02,9.470482914813469932e+00
2.612599486855456121e-02,-3.956080568739878678e-01,-9.180477644047261299e-01,2.060818982980690706e+01
5.459826840366950595e-03,9.184040116565735934e-01,-3.956061951789751618e-01,4.172219260033953248e+01
0.000000000000000000e+00,0.000000000000000000e+00,0.000000000000000000e+00,1.000000000000000000e+00
9.999620160283124726e-01,-8.702819767208614873e-03,-4.768948452719766039e-04,-1.021436304947163443e+01
-3.441919308134857355e-03,-3.440271800263460245e-01,-9.389533814809956080e-01,1.697440137026480755e+01
8.007477260052218299e-03,9.389193577359129517e-01,-3.440440669110722549e-01,3.617473726898728614e+01
0.000000000000000000e+00,0.000000000000000000e+00,0.000000000000000000e+00,1.000000000000000000e+00
456.5119934082031,456.716552734375,325.3016662597656,180.4651336669922,640,360,0.0010000000474974513
