640,360
640,360
9.896638806249209441e-01,-1.166548056267723982e-01,-8.340899058615786066e-02,2.242467845645965685e+00
-1.135696191916453490e-01,-2.824127191892634170e-01,-9.525465855467600829e-01,2.543211172226424921e+01
8.756337695113448893e-02,9.521736776262545998e-01,-2.927421094625903830e-01,3.743280834977674232e+01
0.000000000000000000e+00,0.000000000000000000e+00,0.000000000000000000e+00,1.000000000000000000e+00
9.951342119774255757e-01,2.188124432980138520e-02,-9.606826374327624707e-02,-7.905914756107836006e+00
-8.981015279199364154e-02,-1.995578020230215077e-01,-9.757616615276600847e-01,2.544152056862484557e+01
-4.052205088031579638e-02,9.796417175673567401e-01,-1.966216381635876309e-01,3.298426253710785261e+01
0.000000000000000000e+00,0.000000000000000000e+00,0.000000000000000000e+00,1.000000000000000000e+00
456.5119934082031,456.716552734375,325.3016662597656,180.4651336669922,640,360,0.0010000000474974513
